0.000000000000000000e+00 1.390000000000000000e+02 -1.900000000000000000e+02 0.000000000000000000e+00 9.700000000000000000e+01 -1.910000000000000000e+02 0.000000000000000000e+00
1.000000000000000000e+00 7.000000000000000000e+01 -1.920000000000000000e+02 0.000000000000000000e+00 2.100000000000000000e+01 -1.930000000000000000e+02 0.000000000000000000e+00
2.000000000000000000e+00 -1.200000000000000000e+01 -1.940000000000000000e+02 0.000000000000000000e+00 -7.400000000000000000e+01 -1.510000000000000000e+02 0.000000000000000000e+00
3.000000000000000000e+00 -7.400000000000000000e+01 -1.240000000000000000e+02 0.000000000000000000e+00 -7.400000000000000000e+01 -1.000000000000000000e+01 0.000000000000000000e+00
4.000000000000000000e+00 -7.400000000000000000e+01 2.900000000000000000e+01 0.000000000000000000e+00 -7.400000000000000000e+01 1.190000000000000000e+02 0.000000000000000000e+00
6.500000000000000000e+01 1.660000000000000000e+02 -1.930000000000000000e+02 0.000000000000000000e+00 2.320000000000000000e+02 -1.700000000000000000e+01 0.000000000000000000e+00
6.600000000000000000e+01 2.310000000000000000e+02 2.100000000000000000e+01 0.000000000000000000e+00 2.300000000000000000e+02 4.100000000000000000e+01 0.000000000000000000e+00
6.700000000000000000e+01 2.290000000000000000e+02 8.000000000000000000e+01 0.000000000000000000e+00 1.700000000000000000e+01 1.930000000000000000e+02 0.000000000000000000e+00
6.800000000000000000e+01 -2.000000000000000000e+01 1.930000000000000000e+02 0.000000000000000000e+00 -3.200000000000000000e+01 1.930000000000000000e+02 0.000000000000000000e+00
6.900000000000000000e+01 -6.200000000000000000e+01 1.850000000000000000e+02 0.000000000000000000e+00 -7.400000000000000000e+01 1.460000000000000000e+02 0.000000000000000000e+00
